ID	group	phase	no.obs	elo	min.total	min.given	min.received	agg.received.total	agg.received.contact	agg.received.nocontact	agg.given.total	agg.given.contact	agg.given.nocontact	raw.groom.rate	raw.aggRec.rate	raw.aggGiven.rate	raw.aggRec.contact.rate	raw.aggRec.nocontact.rate	raw.aggGiven.contact.rate	raw.aggGiven.nocontact.rate	raw.groomRec.rate	raw.groomGiven.rate
48	REg12_SGE1	1	53	1773	174.482	93.178	81.304	0	0	0	60	1	59	6.58422641509434	0	2.26415094339623	0	0	0.0377358490566038	2.22641509433962	3.06807547169811	3.51615094339623
BC	REg12_SGE1	1	53	1029	149.596	45.233	104.363	27	0	27	6	1	5	5.6451320754717	1.0188679245283	0.226415094339623	0	1.0188679245283	0.0377358490566038	0.188679245283019	3.93822641509434	1.70690566037736
EG	REg12_SGE1	1	53	1330	298.813	191.261	107.552	4	1	3	47	2	45	11.2759622641509	0.150943396226415	1.77358490566038	0.0377358490566038	0.113207547169811	0.0754716981132075	1.69811320754717	4.05856603773585	7.21739622641509
PP	REg12_SGE1	1	53	553	64.683	22.401	42.282	65	2	63	2	0	2	2.4408679245283	2.45283018867925	0.0754716981132075	0.0754716981132075	2.37735849056604	0	0.0754716981132075	1.59554716981132	0.845320754716981
PQ	REg12_SGE1	1	53	315	17.478	0.453000000000001	17.025	19	1	18	0	0	0	0.659547169811321	0.716981132075472	0	0.0377358490566038	0.679245283018868	0	0	0.642452830188679	0.0170943396226415
FS	RFs5_SGE1	1	50	1788	172.698	11.517	161.181	0	0	0	25	0	25	6.90792	0	1	0	0	0	1	6.44724	0.46068
IA	RFs5_SGE1	1	50	74	43.99	14.102	29.888	241	3	238	0	0	0	1.7596	9.64	0	0.12	9.52	0	0	1.19552	0.56408
SH	RFs5_SGE1	1	50	629	204.605	173.928	30.677	73	0	73	46	4	42	8.1842	2.92	1.84	0	2.92	0.16	1.68	1.22708	6.95712
UF	RFs5_SGE1	1	50	1441	303.665	156.482	147.183	10	1	9	179	0	179	12.1466	0.4	7.16	0.04	0.36	0	7.16	5.88732	6.25928
VW	RFs5_SGE1	1	50	1018	246.498	129.699	116.799	21	0	21	95	0	95	9.85992	0.84	3.8	0	0.84	0	3.8	4.67196	5.18796
AC	RIb12_SGE1	1	36	1890	35.28	22.369	12.911	0	0	0	55	8	47	1.96	0	3.05555555555556	0	0	0.444444444444444	2.61111111111111	0.717277777777778	1.24272222222222
FQ	RIb12_SGE1	1	36	1076	92.814	58.924	33.89	17	2	15	92	6	86	5.15633333333333	0.944444444444444	5.11111111111111	0.111111111111111	0.833333333333333	0.333333333333333	4.77777777777778	1.88277777777778	3.27355555555556
IB	RIb12_SGE1	1	36	581	112.53	61.896	50.634	90	5	85	18	2	16	6.25166666666667	5	1	0.277777777777778	4.72222222222222	0.111111111111111	0.888888888888889	2.813	3.43866666666667
IE	RIb12_SGE1	1	36	-17	85.868	36.605	49.263	112	6	106	0	0	0	4.77044444444444	6.22222222222222	0	0.333333333333333	5.88888888888889	0	0	2.73683333333333	2.03361111111111
QP	RIb12_SGE1	1	36	1470	129.054	47.979	81.075	6	4	2	60	1	59	7.16966666666667	0.333333333333333	3.33333333333333	0.222222222222222	0.111111111111111	0.0555555555555556	3.27777777777778	4.50416666666667	2.6655
AA	RJj10_SGE1	1	54	599	105.94	49.982	55.958	335	4	331	64	1	63	3.9237037037037	12.4074074074074	2.37037037037037	0.148148148148148	12.2592592592593	0.037037037037037	2.33333333333333	2.07251851851852	1.85118518518519
JJ	RJj10_SGE1	1	54	1824	167.422	33.018	134.404	3	0	3	369	7	362	6.20081481481482	0.111111111111111	13.6666666666667	0	0.111111111111111	0.259259259259259	13.4074074074074	4.97792592592593	1.22288888888889
ON	RJj10_SGE1	1	54	1071	107.433	65.316	42.117	36	3	33	69	4	65	3.979	1.33333333333333	2.55555555555556	0.111111111111111	1.22222222222222	0.148148148148148	2.40740740740741	1.55988888888889	2.41911111111111
S2	RJj10_SGE1	1	54	1474	175.787	131.797	43.99	7	4	3	601	5	596	6.51062962962963	0.259259259259259	22.2592592592593	0.148148148148148	0.111111111111111	0.185185185185185	22.0740740740741	1.62925925925926	4.88137037037037
VE	RJj10_SGE1	1	54	-18	24.864	10.61	14.254	722	6	716	0	0	0	0.920888888888889	26.7407407407407	0	0.222222222222222	26.5185185185185	0	0	0.527925925925926	0.392962962962963
CY	RPm4_SGE1	1	48	560	154.066	90.913	63.153	28	1	27	3	2	1	6.41941666666667	1.16666666666667	0.125	0.0416666666666667	1.125	0.0833333333333333	0.0416666666666667	2.631375	3.78804166666667
PM	RPm4_SGE1	1	48	1743	203.589	28.454	175.135	0	0	0	65	0	65	8.482875	0	2.70833333333333	0	0	0	2.70833333333333	7.29729166666667	1.18558333333333
RR	RPm4_SGE1	1	48	135	131.367	53.126	78.241	62	4	58	4	0	4	5.473625	2.58333333333333	0.166666666666667	0.166666666666667	2.41666666666667	0	0.166666666666667	3.26004166666667	2.21358333333333
UD	RPm4_SGE1	1	48	1012	240.952	134.86	106.092	48	3	45	24	4	20	10.0396666666667	2	1	0.125	1.875	0.166666666666667	0.833333333333333	4.4205	5.61916666666667
VQ	RPm4_SGE1	1	48	1550	330.83	223.049	107.781	4	1	3	46	3	43	13.7845833333333	0.166666666666667	1.91666666666667	0.0416666666666667	0.125	0.125	1.79166666666667	4.490875	9.29370833333333
PJ	RPs7_SGE1	1	55	1859	221.678	133.889	87.789	4	2	2	146	21	125	8.06101818181818	0.145454545454545	5.30909090909091	0.0727272727272727	0.0727272727272727	0.763636363636364	4.54545454545455	3.19232727272727	4.86869090909091
PS	RPs7_SGE1	1	55	1293	200.242	61.186	139.056	21	11	10	104	3	101	7.28152727272727	0.763636363636364	3.78181818181818	0.4	0.363636363636364	0.109090909090909	3.67272727272727	5.05658181818182	2.22494545454545
TF	RPs7_SGE1	1	55	564	242.811	171.337	71.474	66	10	56	57	3	54	8.82949090909091	2.4	2.07272727272727	0.363636363636364	2.03636363636364	0.109090909090909	1.96363636363636	2.59905454545455	6.23043636363636
V2	RPs7_SGE1	1	55	43	94.475	65.981	28.494	250	7	243	0	0	0	3.43545454545455	9.09090909090909	0	0.254545454545455	8.83636363636364	0	0	1.03614545454545	2.39930909090909
ZQ	RPs7_SGE1	1	55	941	226.298	60.359	165.939	25	2	23	59	5	54	8.22901818181818	0.909090909090909	2.14545454545455	0.0727272727272727	0.836363636363636	0.181818181818182	1.96363636363636	6.03414545454545	2.19487272727273
JF	RSi10_SGE1	1	50	1806	295.868	155.471	140.397	1	0	1	79	2	77	11.83472	0.04	3.16	0	0.04	0.08	3.08	5.61588	6.21884
JS	RSi10_SGE1	1	50	499	96.303	42.718	53.585	121	4	117	149	4	145	3.85212	4.84	5.96	0.16	4.68	0.16	5.8	2.1434	1.70872
NI	RSi10_SGE1	1	50	349	266.02	115.329	150.691	171	6	165	15	0	15	10.6408	6.84	0.6	0.24	6.6	0	0.6	6.02764	4.61316
OV	RSi10_SGE1	1	50	921	252.94	148.097	104.843	89	1	88	31	3	28	10.1176	3.56	1.24	0.04	3.52	0.12	1.12	4.19372	5.92388
SI	RSi10_SGE1	1	50	1225	191.945	89.923	102.022	8	0	8	116	2	114	7.6778	0.32	4.64	0	0.32	0.08	4.56	4.08088	3.59692
FD	RWu12_SGE1	1	50	756	142.925	114.858	28.067	91	8	83	24	3	21	5.717	3.64	0.96	0.32	3.32	0.12	0.84	1.12268	4.59432
FM	RWu12_SGE1	1	50	1428	229.894	114.182	115.712	29	6	23	110	12	98	9.19576	1.16	4.4	0.24	0.92	0.48	3.92	4.62848	4.56728
SU	RWu12_SGE1	1	50	722	173.817	38.007	135.81	47	4	43	29	3	26	6.95268	1.88	1.16	0.16	1.72	0.12	1.04	5.4324	1.52028
WU	RWu12_SGE1	1	50	111	67.369	21.389	45.98	130	9	121	1	0	1	2.69476	5.2	0.04	0.36	4.84	0	0.04	1.8392	0.85556
WX	RWu12_SGE1	1	50	1933	247.285	142.209	105.076	5	0	5	138	9	129	9.8914	0.2	5.52	0	0.2	0.36	5.16	4.20304	5.68836
CW	VBB_SGE1	1	51	1824	184.834	109.858	74.976	0	0	0	113	7	106	7.24839215686274	0	4.43137254901961	0	0	0.274509803921569	4.15686274509804	2.94023529411765	4.3081568627451
JL	VBB_SGE1	1	51	356	53.245	11.776	41.469	42	2	40	1	0	1	2.08803921568627	1.64705882352941	0.0392156862745098	0.0784313725490196	1.56862745098039	0	0.0392156862745098	1.62623529411765	0.461803921568627
PY	VBB_SGE1	1	51	488	77.998	6.619	71.379	124	5	119	1	0	1	3.05874509803922	4.86274509803922	0.0392156862745098	0.196078431372549	4.66666666666667	0	0.0392156862745098	2.79917647058824	0.25956862745098
VB	VBB_SGE1	1	51	1370	142.485	62.588	79.897	1	1	0	74	1	73	5.58764705882353	0.0392156862745098	2.90196078431373	0.0392156862745098	0	0.0392156862745098	2.86274509803922	3.13321568627451	2.45443137254902
ZE	VBB_SGE1	1	51	862	167.294	122.087	45.207	42	3	39	20	3	17	6.56054901960784	1.64705882352941	0.784313725490196	0.117647058823529	1.52941176470588	0.117647058823529	0.666666666666667	1.77282352941176	4.78772549019608
AA	Aa11_SGE2	2	43	1580	252.882	146.867	106.015	1	0	1	191	3	188	11.7619534883721	0.0465116279069767	8.88372093023256	0	0.0465116279069767	0.13953488372093	8.74418604651163	4.93093023255814	6.83102325581395
FD	Aa11_SGE2	2	43	-37	118.861	73.057	45.804	269	7	262	6	0	6	5.52841860465116	12.5116279069767	0.27906976744186	0.325581395348837	12.1860465116279	0	0.27906976744186	2.13041860465116	3.398
IB	Aa11_SGE2	2	43	585	168.088	92.534	75.554	125	6	119	42	2	40	7.81804651162791	5.81395348837209	1.95348837209302	0.27906976744186	5.53488372093023	0.0930232558139535	1.86046511627907	3.51413953488372	4.30390697674419
JS	Aa11_SGE2	2	43	1048	139.439	12.636	126.803	84	3	81	160	9	151	6.48553488372093	3.90697674418605	7.44186046511628	0.13953488372093	3.76744186046512	0.418604651162791	7.02325581395349	5.89781395348837	0.587720930232558
TF	Aa11_SGE2	2	43	1824	251.12	140.101	111.019	1	1	0	81	3	78	11.68	0.0465116279069767	3.76744186046512	0.0465116279069767	0	0.13953488372093	3.62790697674419	5.16367441860465	6.51632558139535
BC	Bc8_SGE2	2	43	1961	289.84	55.573	234.267	0	0	0	50	5	45	13.4809302325581	0	2.32558139534884	0	0	0.232558139534884	2.09302325581395	10.8961395348837	2.58479069767442
CY	Bc8_SGE2	2	43	1025	121.854	99.431	22.423	58	11	47	150	42	108	5.66762790697674	2.69767441860465	6.97674418604651	0.511627906976744	2.18604651162791	1.95348837209302	5.02325581395349	1.04293023255814	4.6246976744186
PY	Bc8_SGE2	2	43	-125	73.132	45.851	27.281	198	31	167	2	1	1	3.40148837209302	9.2093023255814	0.0930232558139535	1.44186046511628	7.76744186046512	0.0465116279069767	0.0465116279069767	1.26888372093023	2.13260465116279
SH	Bc8_SGE2	2	43	1540	259.685	198.597	61.088	3	2	1	96	9	87	12.0783720930233	0.13953488372093	4.46511627906977	0.0930232558139535	0.0465116279069767	0.418604651162791	4.04651162790698	2.8413023255814	9.23706976744186
SU	Bc8_SGE2	2	43	499	142.061	43.834	98.227	79	18	61	40	5	35	6.60748837209302	3.67441860465116	1.86046511627907	0.837209302325581	2.83720930232558	0.232558139534884	1.62790697674419	4.5686976744186	2.03879069767442
CW	Cw10_SGE2	2	38	1524	283.85	156.153	127.697	3	2	1	200	17	183	14.9394736842105	0.157894736842105	10.5263157894737	0.105263157894737	0.0526315789473684	0.894736842105263	9.63157894736842	6.72089473684211	8.21857894736842
FM	Cw10_SGE2	2	38	949	220.375	110.344	110.031	99	15	84	31	12	19	11.5986842105263	5.21052631578947	1.63157894736842	0.789473684210526	4.42105263157895	0.631578947368421	1	5.7911052631579	5.80757894736842
PS	Cw10_SGE2	2	38	605	215.315	128.574	86.741	59	6	53	53	3	50	11.3323684210526	3.10526315789474	2.78947368421053	0.315789473684211	2.78947368421053	0.157894736842105	2.63157894736842	4.56531578947368	6.76705263157895
QP	Cw10_SGE2	2	38	1868	217.657	61.678	155.979	9	8	1	74	16	58	11.4556315789474	0.473684210526316	3.89473684210526	0.421052631578947	0.0526315789473684	0.842105263157895	3.05263157894737	8.20942105263158	3.24621052631579
UF	Cw10_SGE2	2	38	54	66.553	45.126	21.427	189	17	172	1	0	1	3.50278947368421	9.94736842105263	0.0526315789473684	0.894736842105263	9.05263157894737	0	0.0526315789473684	1.12773684210526	2.37505263157895
EG	Fq9_SGE2	2	39	1086	215.594	144.953	70.641	76	11	65	62	3	59	11.0561025641026	3.8974358974359	3.17948717948718	0.564102564102564	3.33333333333333	0.153846153846154	3.02564102564103	3.62261538461539	7.43348717948718
FQ	Fq9_SGE2	2	39	1713	157.304	44.102	113.202	0	0	0	117	2	115	8.0668717948718	0	6	0	0	0.102564102564103	5.8974358974359	5.80523076923077	2.26164102564103
S2	Fq9_SGE2	2	39	151	123.392	87.46	35.932	191	7	184	31	4	27	6.32779487179487	9.7948717948718	1.58974358974359	0.358974358974359	9.43589743589744	0.205128205128205	1.38461538461538	1.84266666666667	4.4851282051282
VQ	Fq9_SGE2	2	39	1515	170.383	88.662	81.721	0	0	0	91	9	82	8.73758974358974	0	4.66666666666667	0	0	0.461538461538462	4.20512820512821	4.19082051282051	4.54676923076923
VW	Fq9_SGE2	2	39	535	147.205	41.762	105.443	75	3	72	41	3	38	7.54897435897436	3.84615384615385	2.1025641025641	0.153846153846154	3.69230769230769	0.153846153846154	1.94871794871795	5.40733333333333	2.14164102564103
JL	Jl11_SGE2	2	44	1858	403.077	116.379	286.698	7	1	6	130	1	129	18.3216818181818	0.318181818181818	5.90909090909091	0.0454545454545455	0.272727272727273	0.0454545454545455	5.86363636363636	13.0317272727273	5.28995454545455
NI	Jl11_SGE2	2	44	1522	371.815	285.576	86.239	4	0	4	111	3	108	16.9006818181818	0.181818181818182	5.04545454545455	0	0.181818181818182	0.136363636363636	4.90909090909091	3.91995454545455	12.9807272727273
PQ	Jl11_SGE2	2	44	652	177.06	100.597	76.463	98	3	95	58	4	54	8.04818181818182	4.45454545454545	2.63636363636364	0.136363636363636	4.31818181818182	0.181818181818182	2.45454545454545	3.47559090909091	4.57259090909091
RR	Jl11_SGE2	2	44	-8	39.478	17.156	22.322	137	6	131	0	0	0	1.79445454545455	6.22727272727273	0	0.272727272727273	5.95454545454545	0	0	1.01463636363636	0.779818181818182
VE	Jl11_SGE2	2	44	976	254.336	103.175	151.161	108	1	107	55	3	52	11.5607272727273	4.90909090909091	2.5	0.0454545454545455	4.86363636363636	0.136363636363636	2.36363636363636	6.87095454545455	4.68977272727273
IA	Pp10_SGE2	2	46	1360	304.688	148.44	156.248	6	3	3	60	5	55	13.2473043478261	0.260869565217391	2.60869565217391	0.130434782608696	0.130434782608696	0.217391304347826	2.39130434782609	6.79339130434783	6.45391304347826
IE	Pp10_SGE2	2	46	1839	311.233	148.796	162.437	1	1	0	72	19	53	13.5318695652174	0.0434782608695652	3.1304347826087	0.0434782608695652	0	0.826086956521739	2.30434782608696	7.06247826086957	6.46939130434783
PP	Pp10_SGE2	2	46	94	229.565	120.9	108.665	137	10	127	92	3	89	9.98108695652174	5.95652173913043	4	0.434782608695652	5.52173913043478	0.130434782608696	3.8695652173913	4.7245652173913	5.25652173913044
V2	Pp10_SGE2	2	46	1132	244.416	145.263	99.153	37	8	29	179	8	171	10.6267826086957	1.60869565217391	7.78260869565217	0.347826086956522	1.26086956521739	0.347826086956522	7.43478260869565	4.311	6.31578260869565
WU	Pp10_SGE2	2	46	575	118.032	40.568	77.464	234	13	221	12	0	12	5.13182608695652	10.1739130434783	0.521739130434783	0.565217391304348	9.60869565217391	0	0.521739130434783	3.368	1.76382608695652
AC	VBB_SGE2	2	29	295	49.286	17.262	32.024	161	22	139	38	3	35	3.39903448275862	11.1034482758621	2.62068965517241	1.51724137931034	9.58620689655172	0.206896551724138	2.41379310344828	2.20855172413793	1.19048275862069
FS	VBB_SGE2	2	29	240	65.298	38.407	26.891	123	9	114	9	0	9	4.50331034482759	8.48275862068965	0.620689655172414	0.620689655172414	7.86206896551724	0	0.620689655172414	1.85455172413793	2.64875862068965
JF	VBB_SGE2	2	29	1551	204.24	109.936	94.3040000000001	2	1	1	113	0	113	14.0855172413793	0.137931034482759	7.79310344827586	0.0689655172413793	0.0689655172413793	0	7.79310344827586	6.50372413793104	7.58179310344828
PJ	VBB_SGE2	2	29	976	112.807	43.932	68.875	164	1	163	147	27	120	7.77979310344828	11.3103448275862	10.1379310344828	0.0689655172413793	11.2413793103448	1.86206896551724	8.27586206896552	4.75	3.02979310344828
VB	VBB_SGE2	2	29	1838	130.553	71.555	58.998	0	0	0	143	3	140	9.00365517241379	0	9.86206896551724	0	0	0.206896551724138	9.6551724137931	4.0688275862069	4.9348275862069
48	WXC_SGE2	2	34	541	83.178	47.586	35.592	119	3	116	58	3	55	4.89282352941176	7	3.41176470588235	0.176470588235294	6.82352941176471	0.176470588235294	3.23529411764706	2.09364705882353	2.79917647058824
JJ	WXC_SGE2	2	34	1070	75.654	59.735	15.919	31	8	23	68	3	65	4.45023529411765	1.82352941176471	4	0.470588235294118	1.35294117647059	0.176470588235294	3.82352941176471	0.936411764705882	3.51382352941176
OV	WXC_SGE2	2	34	38	83.717	46.433	37.284	190	5	185	1	0	1	4.92452941176471	11.1764705882353	0.0588235294117647	0.294117647058824	10.8823529411765	0	0.0588235294117647	2.19317647058824	2.73135294117647
PM	WXC_SGE2	2	34	1824	154.65	35.796	118.854	0	0	0	70	2	68	9.09705882352941	0	4.11764705882353	0	0	0.117647058823529	4	6.99141176470588	2.10564705882353
WX	WXC_SGE2	2	34	1527	140.833	79.466	61.367	0	0	0	143	8	135	8.28429411764706	0	8.41176470588235	0	0	0.470588235294118	7.94117647058824	3.60982352941176	4.67447058823529
ON	Ze12_SGE2	2	38	1792	225.585	129.667	95.918	0	0	0	56	3	53	11.8728947368421	0	2.94736842105263	0	0	0.157894736842105	2.78947368421053	5.04831578947368	6.82457894736842
SI	Ze12_SGE2	2	38	1332	361.784	179.977	181.807	0	0	0	78	1	77	19.0412631578947	0	4.10526315789474	0	0	0.0526315789473684	4.05263157894737	9.56878947368421	9.47247368421053
UD	Ze12_SGE2	2	38	683	268.431	170.545	97.886	136	12	124	47	5	42	14.1279473684211	7.15789473684211	2.47368421052632	0.631578947368421	6.52631578947368	0.263157894736842	2.21052631578947	5.15189473684211	8.97605263157895
ZE	Ze12_SGE2	2	38	681	274.681	71.633	203.048	34	0	34	67	12	55	14.4568947368421	1.78947368421053	3.52631578947368	0	1.78947368421053	0.631578947368421	2.89473684210526	10.6867368421053	3.77015789473684
ZQ	Ze12_SGE2	2	38	512	171.743	99.29	72.453	111	9	102	33	0	33	9.03910526315789	5.84210526315789	1.73684210526316	0.473684210526316	5.36842105263158	0	1.73684210526316	3.81331578947368	5.22578947368421
